Model SC3 Elastic Matrix (GPa) Morales et al. JGR 2018               
Antigorite 78% Olivine 22% room pressure d=2.7292 (g/cm3)                      
  4.7646 10.2296 5.9942 90.0000 90.0000 90.00001
  97.81	  33.28   27.62   0.33   0.20   -0.11
  33.28	 159.96	  45.85  -0.43  -0.49   -0.66
  27.62	  45.85	 144.48  -0.74  -2.26   -0.42
   0.33	  -0.43	  -0.74  50.19  -0.30   -0.55
   0.20	  -0.49	  -2.26  -0.30  28.47    0.07
  -0.11	  -0.66	  -0.42  -0.55   0.07   32.18
